50
0 8 39 12 44 20 16 21 36 22 30 23 7 29 27 33 1 34 41 35 1 37 9 38 19 39 49
1 2 47 5 7 6 33 8 48 11 16 14 19 16 31 25 21 33 50 35 0 41 38 42 22 43 41
2 8 17 10 4 12 48 18 30 24 4 32 39 39 13 42 2 44 11 45 39
3 9 34 10 26 11 37 13 19 16 30 17 11 19 45 22 45 23 30 25 15 27 27 30 13 32 12 37 37 38 26 40 15 43 18 44 13 45 22 48 27
4 1 34 6 31 10 0 11 4 13 13 21 25 28 8 30 40 33 21 41 46 42 10 45 30 48 26 49 50
5 6 1 9 27 11 27 12 12 17 31 18 42 20 48 22 50 25 34 31 33 37 46 38 23 43 29 46 36 47 8
6 3 40 9 14 10 46 13 20 15 25 16 47 22 14 26 36 34 21 42 45 43 49 47 21 48 14 49 10
7 2 12 10 49 11 43 18 16 20 33 23 37 24 14 34 13 35 12 37 15 38 23 39 17 45 35 47 13 49 23
8 6 18 12 31 13 32 15 27 17 31 21 37 27 22 28 24 29 44 30 48 32 22 39 10 41 37 49 40
9 6 3 10 36 12 10 13 38 14 5 20 36 25 12 29 24 32 5 35 17 36 29 38 24 41 19 42 50 44 12 46 27 48 36
10 2 22 5 12 7 22 9 29 13 46 21 10 23 0 29 14 32 29 33 18 39 6 40 31 41 7 44 11 48 6
11 2 16 6 30 7 4 13 17 16 24 17 4 18 14 20 48 25 47 26 24 27 21 28 10 29 22 30 3 35 1 37 38 44 14 45 28 47 26 49 10
12 8 41 14 40 20 21 29 14 30 33 31 10 35 0 36 10 40 14 43 5
13 0 46 1 5 8 24 9 42 10 46 14 28 18 35 22 15 24 5 31 20 32 36 33 38 35 44 38 25 47 49
14 2 37 4 7 8 8 9 35 12 2 13 37 17 32 19 28 23 38 41 30
15 1 4 2 4 4 34 9 10 11 6 13 23 16 0 19 38 26 11 29 26 32 39 33 7 34 10 35 46 37 16 38 40 39 31 43 39 45 49 46 23
16 0 44 10 18 14 28 18 23 20 14 22 10 26 29 31 32 32 20 40 50 42 26 44 15 45 2 47 20
17 5 40 8 50 16 27 19 2 22 41 23 17 24 5 25 40 26 31 27 39 31 26 32 4 38 8 40 43 48 46
18 4 3 5 19 9 29 10 28 12 5 15 31 19 4 23 42 26 26 35 48 39 4 46 30 47 37 48 47 49 35
19 0 38 1 41 5 9 9 35 10 2 14 46 17 48 18 1 31 32 36 2 43 35 46 48
20 0 21 1 32 2 2 3 43 4 29 6 15 8 10 12 45 16 36 18 40 30 2 31 33 32 14 35 6 36 29 46 20
21 0 3 1 10 3 11 4 20 7 38 9 5 11 30 12 21 17 45 19 13 25 40 27 37 36 13 40 40 41 10 43 9 45 21 47 19
22 0 16 2 8 5 16 6 49 7 46 8 40 9 7 11 11 21 8 25 17 26 47 27 35 31 22 33 49 34 33 42 0 44 24 45 14 47 24 49 31
23 6 41 8 43 11 33 13 1 21 10 24 19 27 43 34 39 37 40 40 6 43 31 46 11
24 1 10 12 5 15 29 19 1 20 28 22 36 25 1 29 15 30 45 33 25 34 28 35 11 37 9 43 13 46 17 47 50
25 3 17 5 8 9 28 10 35 14 47 17 49 27 49 28 48 30 28 33 42 34 18 41 37 43 14 44 34 49 13
26 0 17 1 3 2 27 3 43 4 14 9 17 13 11 16 37 18 28 22 36 24 43 25 44 27 9 28 12 30 10 35 5 44 26 46 14 48 44
27 1 19 7 28 12 45 18 7 22 29 23 11 25 26 26 45 29 23 33 4 42 4 49 46
28 2 3 3 48 4 49 9 6 14 35 18 24 20 42 21 15 25 37 29 19 36 43 37 20 40 38 42 3 46 11 49 18
29 0 31 3 13 11 5 12 48 14 7 15 43 19 49 20 1 22 29 24 39 35 3 41 7 46 48
30 14 48 16 40 17 6 19 34 20 3 22 8 23 7 27 6 28 3 31 48 37 12 42 49 45 33 47 10 49 5
31 2 47 8 18 21 24 22 19 25 25 30 29 33 39 36 2 38 40 42 43 44 16 45 32 47 17 48 28
32 4 2 6 32 8 27 13 35 17 23 19 36 20 3 25 6 26 0 40 44 41 30 46 18
33 0 33 1 28 2 44 4 17 5 37 6 37 8 26 12 41 14 13 17 15 18 22 20 11 23 9 26 30 28 25 29 31 30 16 41 41 42 41 45 31
34 3 25 4 43 8 14 11 13 12 9 13 18 15 49 16 33 22 49 28 7 33 26 41 7 49 16
35 6 1 9 49 12 7 13 12 14 2 19 34 22 27 24 35 25 44 26 17 29 35 32 7 34 2 36 0 38 35 39 12 40 35 46 25 48 13
36 5 31 8 5 11 32 12 26 13 9 15 6 16 9 17 32 19 16 22 48 24 27 25 12 27 42 34 1 44 36 46 27
37 1 1 2 17 4 30 7 15 10 16 11 29 14 9 17 22 18 17 19 17 20 39 21 5 25 34 33 35 36 11 40 42 41 46 44 49
38 0 11 1 18 2 37 4 29 9 25 12 28 13 13 14 26 17 39 18 38 22 18 23 1 24 49 25 41 30 21 37 38 39 42 40 35 42 38 43 0 44 46
39 1 44 3 17 7 35 24 33 26 28 28 7 35 36 37 36 40 13 43 22 48 25
40 3 50 4 17 5 15 6 34 9 8 11 9 13 6 15 34 18 24 20 13 24 36 28 22 29 39 31 32 38 22 45 5 46 38 48 24 49 9
41 7 34 8 8 14 46 15 10 16 26 17 11 18 8 20 14 23 16 27 4 33 27 34 19 35 49 37 12 44 36 45 4 46 35 48 27 49 43
42 2 23 3 5 8 42 11 6 12 29 17 14 18 38 21 11 22 16 25 39 26 11 33 1 34 2 35 30 38 28 39 28 45 16
43 1 37 2 40 7 24 12 16 19 31 25 34 27 9 31 25 33 39 36 46 37 22 41 18 42 4 44 48 46 47 49 24
44 0 19 4 8 5 47 6 11 8 44 9 41 10 42 12 47 18 49 20 10 22 5 31 29 32 17 35 18 40 41 43 32 46 23 48 13
45 2 39 4 22 5 41 9 28 18 9 20 14 23 4 25 27 29 45 32 32 33 39 35 10 36 49 43 29 48 28 49 9
46 2 25 3 13 4 39 8 50 12 40 18 13 23 48 25 6 35 30 40 30 42 32 49 18
47 2 49 3 15 5 14 6 32 8 42 10 15 15 50 21 46 22 40 36 3 41 10 42 5
48 3 24 4 13 5 7 6 28 9 4 11 5 15 34 16 34 18 11 19 5 23 27 24 36 30 41 33 33 36 45 37 9 40 46 45 50
49 5 8 7 13 9 14 13 7 18 36 22 16 25 11 26 44 27 32 31 21 39 31 41 6 46 45
8
2 13 16 24 36 39 45 46
6
49 21 31 33 5 35 27 22 43 20 10 40
