50
0 2 46 6 37 14 17 16 22 17 11 19 12 26 37 29 16 33 36 45 2 47 13
1 0 11 7 21 12 13 14 43 17 1 19 43 21 21 24 30 26 7 27 38 41 44 42 23 47 29 48 42
2 0 24 9 22 10 41 11 44 13 41 15 36 17 20 18 8 19 30 26 34 33 50 34 30 35 35 37 0 38 22 45 19 47 26 48 41
3 1 23 2 21 6 21 17 48 29 11 30 13 32 21 33 30 36 28
4 6 39 7 45 8 14 12 19 14 45 16 36 18 41 20 46 22 40 25 29 36 8 37 15 39 28 40 15 44 28
5 1 23 8 15 11 26 15 12 16 34 19 5 20 21 21 34 23 38 34 20 37 39 44 8 47 8 49 8
6 1 44 3 31 4 38 5 3 7 42 12 29 14 48 16 47 18 24 20 23 21 14 24 33 28 34 30 46 45 35
7 8 41 11 8 19 34 25 10 26 41 30 1 31 29 34 46 35 22 40 48 47 8
8 1 42 3 39 5 18 6 39 7 21 10 29 13 4 21 39 26 45 27 10 30 23 42 14 43 17
9 0 41 6 15 10 1 11 17 12 10 15 38 19 9 23 24 30 32 32 40 37 37 39 44 45 40
10 1 16 3 45 6 40 12 37 22 4 25 13 30 20 32 27 36 31 37 9 41 46 42 2 43 36 44 32 48 40
11 1 31 3 20 4 28 6 2 13 38 16 7 18 29 21 48 25 34 26 6 29 26 32 8 34 13 37 15 42 16 44 9 45 5 46 13 49 13
12 0 39 4 19 5 14 7 28 8 23 10 40 11 49 14 32 19 9 20 6 21 45 23 22 30 25 33 32 41 33 45 46 47 33 49 39
13 3 41 5 33 7 11 8 47 10 25 12 40 16 11 20 26 21 47 22 42 25 36 31 33 33 16 34 20 35 15 36 21 42 2 49 42
14 8 32 10 31 11 37 15 33 16 43 22 32 28 34 31 31 33 28 36 35 45 22 47 9 48 30 49 3
15 0 33 6 7 8 3 9 37 24 25 26 29 28 49 29 0 31 26 33 1 36 40 40 15 42 14 48 22
16 2 19 3 45 4 40 8 39 9 32 11 38 19 25 22 6 23 19 28 20 33 32 40 28 46 34 48 10
17 5 44 10 31 13 30 15 1 16 11 28 33 34 2 38 12 44 37 47 25
18 0 11 5 39 6 1 10 37 19 35 23 38 24 23 25 11 26 17 29 18 33 8 36 10 38 29 40 26 42 49 43 9 47 22 48 39 49 15
19 1 42 3 1 4 31 5 5 15 31 16 12 21 23 24 18 29 9 33 13 34 6 35 9 38 12 39 25 44 28 46 9 48 28
20 2 9 3 25 6 0 7 9 10 45 17 37 19 46 21 27 26 17 30 1 31 31 33 33 36 40 37 12 38 33 41 8 43 49 46 10 47 13 48 21 49 44
21 2 14 3 29 5 3 7 32 9 40 10 25 12 7 13 34 23 25 24 23 25 12 29 31 34 24 42 38 46 25 47 43
22 2 25 6 34 7 44 12 48 24 41 34 36 35 35 39 1 40 9 43 17 45 48 46 40 47 47 49 48
23 2 40 4 9 8 1 21 41 24 29 28 34 33 43 35 37 36 49 37 45 40 5 44 29 46 29
24 1 25 2 36 5 44 9 50 10 7 13 11 16 5 22 9 25 3 26 22 27 17 29 29 32 34 36 39 40 48 41 16
25 1 40 8 19 14 19 15 26 19 29 20 26 27 46 30 19 35 22 39 47 40 33 42 47 44 15
26 0 37 3 11 11 12 17 30 20 0 27 20 30 4 31 46 32 35 40 34 46 31 49 27
27 3 26 7 3 9 4 14 16 21 23 33 39 34 22 39 50 45 1 48 11
28 4 12 6 49 7 39 9 36 10 18 12 22 15 35 23 13 30 5 34 17 35 27 39 5 43 35 47 48 48 22
29 3 26 9 9 10 29 11 43 13 20 19 10 20 15 23 34 26 49 28 18 31 4 34 24 37 21 42 43 45 4
30 3 19 5 17 6 36 7 45 8 21 9 27 11 42 16 30 18 46 25 28 31 34 40 12 45 30 47 49
31 1 18 3 15 5 24 9 43 17 27 20 41 21 35 23 48 24 42 26 39 29 42 34 17 40 21 41 17 46 28
32 1 25 2 26 3 20 5 11 8 31 9 6 10 21 11 15 16 49 20 19 25 37 28 12 30 6 37 34 45 15 49 25
33 0 5 1 9 3 47 6 42 8 25 11 38 13 2 14 28 23 7 24 34 28 21 29 6 34 26 36 48 37 23 39 16 42 5 45 24 46 4 47 37
34 3 35 4 49 13 37 15 47 17 44 18 23 20 38 22 12 27 21 30 13 33 40 38 20 41 42 42 28 48 43 49 29
35 2 50 7 36 8 3 13 4 15 18 19 33 20 49 21 36 24 2 25 47 34 47 41 38 44 7 46 40
36 3 29 8 46 13 47 19 21 23 42 29 2 32 43 37 37 39 47 40 40 46 10 47 1 49 1
37 1 8 6 31 12 19 14 17 16 14 20 37 29 11 34 30 39 44 40 21 41 5 49 39
38 2 22 3 27 6 23 8 4 10 34 16 10 19 13 22 10 28 25 29 33 30 30 33 37 41 28 44 5 45 24 48 14
39 3 48 5 44 6 17 8 9 12 36 13 21 17 15 19 14 22 13 24 39 25 22 30 16 31 41 37 7 40 13 44 40 47 17 48 28 49 26
40 7 7 14 1 15 33 20 48 21 29 22 19 23 31 30 48 31 20 37 3 38 43 43 36 44 29 48 42
41 2 28 5 16 7 20 8 0 11 31 21 27 24 50 26 4 27 7 34 24 35 29 40 2 43 46 44 31 45 25 49 36
42 5 11 10 49 13 17 19 13 23 9 26 2 31 18 35 47 36 11 40 14 41 10 44 48 46 27
43 1 19 4 49 12 16 16 46 25 23 26 11 32 3 33 33 34 15 36 21 37 37 39 49 41 47 44 0 49 36
44 1 4 3 7 5 33 6 11 8 45 9 27 13 43 14 27 17 4 18 27 19 7 20 26 21 17 28 31 33 48 36 43 39 16 42 35 47 39
45 0 29 8 17 9 36 11 1 15 23 18 42 22 42 23 14 27 6 29 10 36 48 39 39 41 11 46 11
46 6 26 8 36 10 43 11 24 19 8 22 17 23 48 24 16 25 29 28 14 30 9 32 21 35 37
47 8 46 12 22 13 21 15 44 16 30 20 13 22 16 24 45 27 39 34 38 39 46 44 1 45 27 48 34
48 0 22 1 20 3 25 5 12 10 25 11 2 14 16 15 39 17 1 18 31 20 1 21 26 22 19 31 27 33 27 34 16 37 2 40 35
49 1 18 2 7 4 31 5 19 15 16 19 27 22 14 27 23 29 17 32 31 34 28 36 46 41 34 42 3 44 46 45 16 47 30 48 34
11
2 3 12 22 23 25 29 34 41 42 44
5
7 10 19 30 45